1	59350536	59375416	2	2	0	1	0	20
23	42819970	42820589	2	2	0	0	1	21
4	55449537	55729890	2	2	0	11	0	13
4	55629828	55729071	1	1	0	0	7	14
4	55631144	55729069	2	2	0	0	2	13
4	55726798	55761725	2	4	0	0	1	18
4	55727280	55778711	1	1	0	0	22	12
4	55727280	55794908	1	1	0	0	22	12
4	55727280	55810468	1	1	0	0	22	12
4	55728135	55778721	2	2	0	0	2	13
4	55728135	55794918	2	2	0	0	2	13
4	55728135	55810478	2	2	0	0	2	13
4	55728254	55728639	1	3	0	0	2	17
4	55728517	55779103	1	1	0	0	2	13
4	55728517	55795300	1	1	0	0	2	13
4	55728517	55810860	1	1	0	0	2	13
4	55728517	55922685	1	1	0	0	20	20
4	55728527	55779959	2	2	0	0	24	12
4	55728527	55796155	2	2	0	0	24	12
4	55728527	55811715	2	2	0	0	24	12
4	55728725	55729533	1	3	0	0	1	13
4	55729735	55757933	2	2	0	0	1	15
4	55729735	55777215	2	2	0	0	1	15
4	55730023	55758221	1	1	0	0	1	15
4	55730023	55777503	1	1	0	0	1	15
4	55758057	55764335	2	2	0	0	2	16
4	55758057	55785660	2	2	0	0	2	16
4	55758057	55801856	2	2	0	0	2	16
4	55758057	55829988	2	2	0	0	2	16
4	55758060	55980613	2	2	0	0	4	15
4	55758066	55777253	1	1	0	0	1	20
4	55758066	55793450	1	1	0	0	1	20
4	55758216	55777292	1	1	0	0	1	15
4	55758216	55793489	1	1	0	0	1	15
4	55758607	55777709	1	1	0	0	1	16
4	55758607	55793906	1	1	0	0	1	16
4	55759131	55778235	1	1	0	0	1	19
4	55759131	55794432	1	1	0	0	1	19
4	55761160	55778711	1	1	0	0	1	13
4	55761160	55794908	1	1	0	0	1	13
4	55761160	55810468	1	1	0	0	1	13
4	55761748	55783073	1	1	0	0	4	23
4	55761748	55799269	1	1	0	0	4	23
4	55761748	55827401	1	1	0	0	4	23
4	55761868	55783036	2	2	0	0	1	15
4	55761868	55783193	2	2	0	0	1	25
4	55761868	55799232	2	2	0	0	1	15
4	55761868	55799389	2	2	0	0	1	25
4	55761873	55783045	1	1	0	0	2	21
4	55761873	55783198	1	1	0	0	1	20
4	55761873	55799241	1	1	0	0	2	21
4	55761873	55799394	1	1	0	0	1	20
4	55761873	55827373	1	1	0	0	2	21
4	55761881	55783206	2	2	0	0	1	24
4	55761881	55799402	2	2	0	0	1	24
4	55762117	55783213	1	1	0	0	1	18
4	55762117	55799409	1	1	0	0	1	18
4	55763501	55783018	2	2	0	0	1	13
4	55763501	55799214	2	2	0	0	1	13
4	55777339	55785660	2	2	0	0	2	16
4	55777339	55801856	2	2	0	0	2	16
4	55777339	55829988	2	2	0	0	2	16
4	55777342	55980613	2	2	0	0	4	15
4	55777348	55793450	1	1	0	0	1	20
4	55777348	55809010	1	1	0	0	1	20
4	55777498	55793489	1	1	0	0	1	15
4	55777498	55809049	1	1	0	0	1	15
4	55777705	55778513	2	4	0	0	1	13
4	55777889	55793906	1	1	0	0	1	16
4	55777889	55809466	1	1	0	0	1	16
4	55778238	55794432	1	1	0	0	1	23
4	55778238	55809992	1	1	0	0	1	23
4	55778599	55778984	2	4	0	0	2	17
4	55778611	55794709	1	1	0	0	6	24
4	55778611	55810269	1	1	0	0	6	24
4	55778621	55794701	1	1	0	0	1	16
4	55778621	55810261	1	1	0	0	1	16
4	55778674	55794869	2	2	0	0	1	22
4	55778674	55810429	2	2	0	0	1	22
4	55778758	55794955	2	2	0	0	1	21
4	55778758	55810515	2	2	0	0	1	21
4	55778791	55794927	1	1	0	0	1	17
4	55778791	55810487	1	1	0	0	1	17
4	55782972	55799168	1	1	0	0	2	22
4	55782972	55827300	1	1	0	0	2	22
4	55783030	55799226	2	2	0	0	4	20
4	55783030	55827358	2	2	0	0	4	20
4	55783036	55799232	2	2	0	0	1	17
4	55783036	55827364	2	2	0	0	1	17
4	55783046	55799245	1	1	0	0	9	22
4	55783046	55827377	1	1	0	0	9	22
4	55783058	55799087	2	2	0	0	1	13
4	55783058	55827219	2	2	0	0	1	13
4	55783073	55799269	1	1	0	0	4	23
4	55783073	55827401	1	1	0	0	4	23
4	55783193	55799232	2	2	0	0	1	15
4	55783193	55799389	2	2	0	0	1	25
4	55783193	55827364	2	2	0	0	1	15
4	55783193	55827521	2	2	0	0	1	25
4	55783198	55799241	1	1	0	0	2	21
4	55783198	55799394	1	1	0	0	1	20
4	55783198	55827373	1	1	0	0	2	21
4	55783198	55827526	1	1	0	0	1	20
4	55783206	55799402	2	2	0	0	1	24
4	55783206	55827534	2	2	0	0	1	24
4	55783442	55799409	1	1	0	0	1	18
4	55783442	55827541	1	1	0	0	1	18
4	55784826	55799214	2	2	0	0	1	13
4	55784826	55827346	2	2	0	0	1	13
4	55793536	55801856	2	2	0	0	2	16
4	55793536	55829988	2	2	0	0	2	16
4	55793539	55980613	2	2	0	0	4	15
4	55793545	55809010	1	1	0	0	1	20
4	55793695	55809049	1	1	0	0	1	15
4	55794086	55809466	1	1	0	0	1	16
4	55794435	55809992	1	1	0	0	1	23
4	55794808	55810269	1	1	0	0	6	24
4	55794818	55810261	1	1	0	0	1	16
4	55794871	55810429	2	2	0	0	1	22
4	55794955	55810515	2	2	0	0	1	21
4	55794988	55810487	1	1	0	0	1	17
4	55799168	55827300	1	1	0	0	2	22
4	55799226	55827358	2	2	0	0	4	20
4	55799232	55827364	2	2	0	0	1	17
4	55799242	55827377	1	1	0	0	9	22
4	55799254	55827219	2	2	0	0	1	13
4	55799269	55827401	1	1	0	0	4	23
4	55799389	55827364	2	2	0	0	1	15
4	55799389	55827521	2	2	0	0	1	25
4	55799394	55827373	1	1	0	0	2	21
4	55799394	55827526	1	1	0	0	1	20
4	55799402	55827534	2	2	0	0	1	24
4	55799638	55827541	1	1	0	0	1	18
4	55801022	55827346	2	2	0	0	1	13
4	55809096	55829988	2	2	0	0	2	16
4	55809099	55980613	2	2	0	0	4	15
4	68400145	68569570	1	1	0	3	0	13
4	68563703	68713757	2	2	0	0	3	13
4	68563975	68566903	2	2	0	1	0	13
4	68567928	68568313	1	3	0	0	2	17
4	68568344	68604688	2	2	0	0	1	12
4	68568368	68610653	1	1	0	0	2	12
4	68568399	68569207	1	3	0	0	1	13
4	68569407	68569421	2	4	1	0	3	6
4	68569443	68569505	2	4	1	7	25	3
4	77541150	77551533	1	1	0	0	1	12
4	77541150	77563084	1	1	0	0	1	12
4	77550049	77561600	1	1	0	0	1	21
4	77550077	77561567	2	2	0	0	1	17
4	77550086	77557608	1	1	0	2	0	20
4	77550135	77561684	1	1	0	0	2	22
4	77550140	77551505	1	1	0	0	1	16
4	77550140	77563056	1	1	0	0	1	16
4	77550224	77561770	1	1	0	0	1	16
4	77550303	77561730	2	2	0	1	0	16
4	77550303	77561737	2	2	0	0	1	16
4	77550340	77551511	2	2	0	0	16	18
4	77550340	77563062	2	2	0	0	16	18
4	77550571	77561941	2	2	0	0	1	19
4	77550571	77562119	2	2	0	0	1	23
4	77551099	77562470	2	2	0	0	1	16
4	77551505	77563056	1	1	0	0	10	24
4	77557175	77634111	2	2	0	0	2	12
4	77557284	77598997	2	2	0	0	1	18
4	77561691	77563056	1	1	0	0	1	16
4	77561891	77563062	2	2	0	0	16	18
4	77563002	77611223	1	1	0	0	1	17
5	661077	815099	2	2	0	0	8	13
5	661077	826752	2	2	0	0	8	13
5	815069	826722	1	1	0	0	10	24
5	821043	832463	2	2	0	0	1	18
5	821050	832697	1	1	0	0	1	24
5	821058	832705	2	2	0	0	1	20
5	821063	832710	1	1	0	0	1	25
5	821141	832791	1	1	0	0	1	17
5	821183	832830	2	2	0	0	4	23
5	821207	832857	2	2	0	0	9	22
5	821211	832705	2	2	0	0	2	21
5	821220	832710	1	1	0	0	1	15
5	821220	832867	1	1	0	0	1	17
5	821226	832873	1	1	0	0	4	20
5	821230	832877	2	2	0	2	0	16
5	821267	832914	2	2	0	3	176	24
5	821284	832931	2	2	0	2	3	22
5	821333	832721	2	2	0	0	1	15
5	821365	832845	1	1	0	0	1	13
5	825075	836725	1	1	0	1	0	24
5	825078	836725	1	1	0	0	1	20
5	825091	826690	1	1	0	0	1	24
5	825104	836749	1	3	0	0	5	23
5	825111	836706	2	2	0	1	0	14
5	825111	836758	2	2	0	0	29	16
5	825221	826320	2	4	0	0	1	23
5	825494	857199	2	2	0	0	1	14
5	825503	826288	2	2	0	0	2	14
5	825503	1046272	2	2	0	0	5	14
5	825604	826728	2	2	0	0	16	18
5	53178661	53312750	1	1	0	3560	2	12
7	3154	4278	1	1	0	0	16	18
7	3562	4661	1	3	0	0	1	23
7	3594	4379	1	1	0	0	2	14
7	4410	4794	2	4	0	0	2	17
7	8929	305191	2	2	0	26	72	14
KN150411.1	5603	14672	2	2	0	0	1	18
KN150411.1	5701	15009	1	1	0	0	1	17
KN150411.1	5743	15048	2	2	0	0	4	23
KN150411.1	11183	17550	1	1	0	0	2	12
KN150411.1	11206	17573	2	2	0	0	1	16
KN150411.1	11246	12369	2	2	0	0	16	18
KN150411.1	11474	17662	2	2	0	0	1	19
KN150411.1	11474	17838	2	2	0	0	1	23
KN150411.1	11783	18149	2	2	0	0	8	21
KN150411.1	11993	18179	2	2	0	0	1	16
KN149861.1	4977	8841	2	2	0	1	0	18
KN149861.1	5154	8822	1	1	0	0	1	15
KN149861.1	7797	9023	1	1	0	1	0	18
KN149861.1	8141	9075	1	3	0	0	1	13
KN149861.1	8313	9465	2	2	0	0	16	18
KZ116058.1	391	484	1	1	0	0	1	14
