11	8039888	8040255	1	1	0	0	1	24
13	49971715	49981056	1	1	0	0	1	23
14	17044919	17057979	2	2	0	0	1	14
14	42557729	42557796	2	2	0	1	0	22
16	15786985	15805512	1	1	0	1	0	14
17	10065990	10066524	2	2	1	0	1	3
25	9674771	9687741	2	2	0	0	1	17
4	55449537	55729890	2	2	0	11	0	13
4	55629828	55729071	1	1	0	0	5	14
4	55726798	55761725	2	4	0	0	1	13
4	55728254	55728639	1	3	0	0	1	17
4	55728288	55762521	2	2	0	0	1	14
4	55728476	55826636	2	2	0	0	2	12
4	55728517	55922685	1	1	0	0	8	20
4	55729716	55729835	1	1	0	0	1	22
4	55758060	55980613	2	2	0	0	4	14
4	55758125	55758223	1	3	1	1	0	5
4	55758262	55777511	2	4	0	0	1	22
4	55759066	55778237	1	1	0	0	1	16
4	55759066	55794434	1	1	0	0	1	16
4	55761855	55783178	2	2	0	0	1	17
4	55761855	55799374	2	2	0	0	1	17
4	55761868	55783018	2	2	0	0	1	17
4	55761868	55799214	2	2	0	0	1	17
4	55761881	55783206	2	2	0	0	1	24
4	55761881	55799402	2	2	0	0	1	24
4	55761883	55783049	1	1	0	0	1	20
4	55761883	55799245	1	1	0	0	1	20
4	55762123	55783279	2	2	0	0	1	25
4	55762123	55799475	2	2	0	0	1	25
4	55777342	55980613	2	2	0	0	4	14
4	55777403	55777522	2	2	0	0	1	22
4	55777403	55793719	2	2	0	0	1	22
4	55778350	55794434	1	1	0	0	1	16
4	55778350	55809994	1	1	0	0	1	16
4	55778474	55794671	2	2	0	0	2	22
4	55778474	55810231	2	2	0	0	2	22
4	55778599	55778984	2	4	0	0	1	17
4	55778611	55794709	1	1	0	0	1	12
4	55778611	55810269	1	1	0	0	1	12
4	55778758	55794955	2	2	0	0	6	23
4	55778758	55810515	2	2	0	0	6	23
4	55778784	55794979	2	4	0	0	1	18
4	55779315	55794264	1	1	0	0	1	23
4	55779638	55795811	1	1	0	0	1	21
4	55779638	55811371	1	1	0	0	1	21
4	55782972	55799168	1	1	0	0	4	25
4	55782972	55827300	1	1	0	0	4	25
4	55782989	55799185	1	1	0	0	2	13
4	55782989	55827317	1	1	0	0	2	13
4	55783026	55799222	1	1	0	0	2	20
4	55783026	55827354	1	1	0	0	2	20
4	55783180	55799374	2	2	0	0	1	17
4	55783180	55827506	2	2	0	0	1	17
4	55783193	55799214	2	2	0	0	1	17
4	55783193	55827346	2	2	0	0	1	17
4	55783206	55799402	2	2	0	0	1	24
4	55783206	55827534	2	2	0	0	1	24
4	55783208	55799245	1	1	0	0	1	20
4	55783208	55827377	1	1	0	0	1	20
4	55783448	55799475	2	2	0	0	1	25
4	55783448	55827607	2	2	0	0	1	25
4	55793539	55980613	2	2	0	0	4	14
4	55793600	55793719	2	2	0	0	1	22
4	55793600	55809279	2	2	0	0	1	22
4	55794547	55809994	1	1	0	0	1	16
4	55794671	55810231	2	2	0	0	2	22
4	55794808	55810269	1	1	0	0	1	12
4	55794955	55810515	2	2	0	0	6	23
4	55794981	55810539	2	4	0	0	1	18
4	55795512	55809824	1	1	0	0	1	23
4	55795834	55811371	1	1	0	0	1	21
4	55799168	55827300	1	1	0	0	4	25
4	55799185	55827317	1	1	0	0	2	13
4	55799222	55827354	1	1	0	0	2	20
4	55799376	55827506	2	2	0	0	1	17
4	55799389	55827346	2	2	0	0	1	17
4	55799402	55827534	2	2	0	0	1	24
4	55799404	55827377	1	1	0	0	1	20
4	55799644	55827607	2	2	0	0	1	25
4	55809099	55980613	2	2	0	0	4	14
4	55809160	55809279	2	2	0	0	1	22
4	55827626	55854828	2	2	0	0	1	13
4	59647879	59648459	2	4	0	0	1	14
4	68563703	68589817	2	2	0	0	1	12
4	68563703	68713757	2	2	0	0	5	12
4	68567846	68569207	1	1	0	2	0	12
4	68567928	68568313	1	3	0	0	1	17
4	68568191	68659568	1	1	0	0	2	15
4	68569390	68569509	1	1	0	0	1	22
4	68569407	68569421	2	4	1	0	4	6
4	68569443	68569505	2	4	1	10	23	3
4	77550025	77561574	1	3	0	0	1	18
4	77550049	77561600	1	1	0	0	6	23
4	77550086	77555400	1	1	0	0	1	14
4	77550086	77557608	1	1	0	3	0	20
4	77550086	77566959	1	1	0	0	1	14
4	77550179	77561733	2	2	0	1	0	13
4	77550340	77551511	2	2	0	0	13	13
4	77550340	77563062	2	2	0	0	13	13
4	77550569	77562007	2	2	0	0	1	16
4	77550604	77562142	2	4	0	0	1	12
4	77551286	77551400	1	1	0	0	1	22
4	77551286	77562951	1	1	0	0	1	22
4	77551419	77627623	1	1	0	0	2	13
4	77551483	77563034	2	2	0	0	1	24
4	77551505	77563056	1	1	0	0	4	19
4	77561637	77566959	1	1	0	0	1	14
4	77561891	77563062	2	2	0	0	13	13
4	77562837	77562951	1	1	0	0	1	22
4	77562970	77627623	1	1	0	0	2	13
5	661077	815099	2	2	0	0	7	13
5	661077	826752	2	2	0	0	7	13
5	809124	826152	2	2	0	0	1	12
5	815069	826722	1	1	0	0	4	19
5	820971	832457	1	1	0	0	1	25
5	821050	832697	1	1	0	0	1	24
5	821078	832723	1	1	0	0	1	17
5	821226	832715	1	1	0	2	1	12
5	821226	832873	1	1	0	0	1	16
5	821230	832877	2	2	0	0	2	20
5	821238	832708	1	1	0	1	0	17
5	821238	832710	1	1	0	0	1	17
5	821267	832914	2	2	0	4	178	24
5	821284	832931	2	2	0	0	7	25
5	821406	832845	1	3	0	1	0	14
5	825078	836725	1	1	0	0	3	17
5	825088	825472	1	3	0	0	1	17
5	825104	836749	1	3	0	0	9	24
5	825111	836758	2	2	0	0	19	16
5	825126	826142	2	2	0	0	1	13
5	825221	826320	2	4	0	0	2	23
5	825604	826728	2	2	0	0	13	13
5	53178334	53178914	1	3	0	0	1	14
5	53178661	53312750	1	1	0	4409	1	12
7	3154	4278	1	1	0	0	13	13
7	3562	4661	1	3	0	0	2	23
7	3730	14704	1	1	0	0	1	12
7	3740	4756	1	1	0	0	1	13
7	4410	4794	2	4	0	0	1	17
7	8929	305191	2	2	0	12	100	14
KN150411.1	5638	14941	1	1	0	0	1	17
KN150411.1	5767	14914	2	2	0	0	1	20
KN150411.1	5770	14922	1	1	0	1	0	14
KN150411.1	11246	12369	2	2	0	0	13	13
KN150411.1	11507	17861	2	4	0	0	1	12
KN150411.1	11783	18149	2	2	0	0	8	24
KN150411.1	11938	18118	1	1	0	1	0	18
KN149861.1	7797	9023	1	1	0	2	0	19
KN149861.1	8313	9465	2	2	0	0	13	13
